-2.849999999999997868e+00
-2.347559860890086725e+00
-1.843130133650110025e+00
-1.085016367107883184e+00
-7.518127807092866988e-02
6.848990611860727995e-01
9.385946382030283530e-01
9.385946532065574388e-01
6.849067880041133094e-01
-3.219746010569508599e-01
-1.080076874895059547e+00
-1.837218877791077176e+00
-2.344594638203020054e+00
-2.346561210917798235e+00
-2.093864313880192896e+00
-1.841155894131411230e+00
-1.085016367107883184e+00
-3.268987296548715449e-01
4.312150218838297633e-01
4.361391204746851713e-01
1.443020554546343703e+00
1.444000000000002615e+00
1.191295436158476662e+00
1.834345866402244951e-01
-5.736920676444228206e-01
-1.080088382602706787e+00
-1.585497570299878589e+00
-1.838194512348071186e+00
-1.336733818691822506e+00
-1.336733818691822506e+00
-1.084036891647158996e+00
-8.313246459981833425e-01
-3.268987446584006307e-01
-7.321851625281539100e-02
-7.320700854516815070e-02
-7.320699354163906492e-02
-5.746753990123991684e-01
-8.273799778574542074e-01
-1.081071653956563239e+00
-8.303375037335385400e-01
-1.084025368935982669e+00
-1.588443588468315681e+00
-1.838198368255326898e+00
-1.085012511200627472e+00
-8.313246459981833425e-01
-3.268987296548715449e-01
1.784989503346565698e-01
4.321983382482770253e-01
-6.927386311561889443e-02
-6.926621131523091890e-02
1.794899335030208931e-01
-5.756663221666471486e-01
-5.786238330392023954e-01
-8.313284418913191587e-01
-1.333772451912015100e+00
-1.333776292815738174e+00
-8.313246309946542567e-01
-8.313207900909276304e-01
-3.259154583010115402e-01
1.785104430387747243e-01
-3.219708051638150437e-01
1.794899335030208931e-01
-5.746715281016108179e-01
-3.259115873902231897e-01
-1.332792976451290912e+00
-1.084021528032256043e+00
-1.336726121880840168e+00
-1.336733818691822506e+00
-1.336729977788099433e+00
-1.336729977788099433e+00
-1.083042112585655303e+00
-1.080088442616826683e+00
-3.259154583010115402e-01
-3.249283310398993763e-01
-7.320700854516815070e-02
-7.320700854516815070e-02
-8.273838037576517479e-01
-3.259115873902231897e-01
-3.259116023937593809e-01
-3.259116023937593809e-01
-7.321084944889832968e-02
-5.756625112699822466e-01
-8.273838037576517479e-01
-8.283632642148432979e-01
-8.303413146302034420e-01
-8.313207900909276304e-01
-1.333772451912015100e+00
-1.081071713970683135e+00
-3.268987296548715449e-01
-3.259192541941473564e-01
1.785104580423038101e-01
1.794975853034159741e-01
1.794899335030208931e-01
-5.746715281016108179e-01
-8.273837887541226621e-01
-1.331809690093905374e+00
-1.332789180558155095e+00
-1.084025383939511755e+00
-1.083042112585655303e+00
-8.313207900909276304e-01
-1.080084586709570971e+00
-3.259116023937593809e-01
-5.746830658163233352e-01
-7.320699354163906492e-02
-7.222373719131525149e-02
-7.321466034556323166e-02
-5.756663221666471486e-01
-8.273876446613783742e-01
-5.786123403350842409e-01
-1.083045908478791119e+00
-1.335750517330907883e+00
-1.839185480512909976e+00
-1.841155864124353059e+00
-1.589434571636683557e+00
-1.336733818691822506e+00
-8.323079173520397944e-01
-5.786200521495956650e-01
-8.273799928609868459e-01
-7.321086445242741547e-02
-7.222373719131525149e-02
-7.320700854516815070e-02
-7.320700854516815070e-02
