-6.460389133279687002e-02
8.938645591176097582e-02
1.282230237198858092e-01
9.013910032236083225e-02
8.999033726653404841e-02
1.282224426141986839e-01
-2.576731433723011833e-02
-1.032899229088490856e-01
-2.191969301584295593e-01
-2.967195364331880469e-01
-2.970211877061608163e-01
-3.355572871244305588e-01
-2.199513431515551787e-01
-1.811141850503013018e-01
-2.667166867558012910e-02
8.938586332177145266e-02
9.014027172117700104e-02
2.442799746115511539e-01
2.444322656449866571e-01
1.673624187935205399e-01
5.145424014512478550e-02
-6.445335510072336405e-02
-6.520717091013938926e-02
-2.193486331955973867e-01
-2.197996332238059125e-01
-2.197996355206663921e-01
-1.425792593277073195e-01
-1.038932208610745533e-01
-1.808119503747809276e-01
-1.419753825666552061e-01
-1.034404568440621119e-01
1.216490142940518382e-02
-6.460330103966871462e-02
-6.460330103966871462e-02
-1.032893395063014808e-01
-1.032905132019772410e-01
-2.652054904095901833e-02
-6.505547246669252104e-02
-2.652113703722758231e-02
-2.637001969946695112e-02
1.231601876716581501e-02
-2.591843167499074951e-02
8.953581155757728283e-02
-2.591784367872218553e-02
-2.591843167499074951e-02
1.231602106402629460e-02
-1.032887515100338049e-01
-6.520599951132410865e-02
-1.806614210332888604e-01
-1.806614233301493400e-01
-1.425792593277073195e-01
-1.425786713314396437e-01
-1.424281442868080561e-01
-6.520659210131363182e-02
-6.460330333652919421e-02
-2.591726257303594849e-02
8.953757324952071883e-02
8.953640185070543822e-02
5.085094908347986831e-02
-2.591843167499074951e-02
-6.460447243848399523e-02
1.216432032371894678e-02
1.216549172253422739e-02
1.216549172253422739e-02
-2.591726027617546890e-02
5.100088813184378012e-02
1.261707974701042900e-02
1.261707974701042900e-02
-2.591843167499074951e-02
5.085036108721219250e-02
-1.031393958642174979e-01
-1.419747922735270507e-01
-1.038926282710859184e-01
-2.193474617967821061e-01
-1.425786713314396437e-01
-1.811135947571731464e-01
-1.806614256270098196e-01
-2.652113933408806190e-02
5.084977079408403711e-02
5.130370391305127953e-02
8.998857327772924464e-02
1.276937307730729998e-02
-2.591666998304642533e-02
-2.652113014664614354e-02
-1.424287253924942931e-01
-2.968706537709477900e-01
-3.355561111318943190e-01
-2.971723050439214475e-01
-2.199513408546946991e-01
-1.811147730465698658e-01
-1.424275562905394921e-01
-2.652113933408806190e-02
1.216373003058990321e-02
8.938645591176097582e-02
5.130370620991175912e-02
1.283729696588311597e-01
1.669078930845637743e-01
1.670590104223244055e-01
1.669090713739604936e-01
1.283729696588311597e-01
8.953757554638119842e-02
-2.591843167499074951e-02
-6.460447243848399523e-02
-2.637060539887503552e-02
1.216490372626566341e-02
1.216490372626566341e-02
-6.475500177997606244e-02
-2.637060539887503552e-02
1.216548942567374780e-02
-6.475441837742934581e-02
-2.637001969946695112e-02
-2.652054674409853874e-02
-2.652172043977429894e-02
-6.475441608056886622e-02
-2.637119339514271132e-02
-6.460330103966871462e-02
1.216549172253422739e-02
-6.475382808430030224e-02
-2.652172043977429894e-02
-1.037415132301857668e-01
-1.424287253924942931e-01
-1.811141827534408222e-01
-1.806625947289646206e-01
-2.196485135891848017e-01
-1.422787886409917490e-01
-2.194991671308104131e-01
-1.808137120667243636e-01
-1.421276713032311179e-01
-6.505547016983204145e-02
-2.606896101648281672e-02
5.130253021737551933e-02
5.130312051050456290e-02
5.145364985199663010e-02
5.115377175526880649e-02
5.100265441750906348e-02
-2.636942710947831614e-02
-1.808113577847914044e-01
-2.193486331955973867e-01
-2.580346739590906324e-01
-2.583345543526789356e-01
-2.198002212200735883e-01
-1.808137120667243636e-01
-1.419771465554600098e-01
-6.460506273161215063e-02
1.231661135715444999e-02
8.953757784324167801e-02
-2.621831206857816454e-02
-2.970194122330545028e-01
-8.771577234645784316e-01
-1.612191317384696898e+00
-2.308691170762199540e+00
-2.734391097670901605e+00
-2.850000000000000533e+00
-2.540665150105466896e+00
-1.960225780190958833e+00
-1.225191012575164606e+00
-4.514707830047033355e-01
2.061930836703602665e-01
7.476483147914754213e-01
1.134509312719538698e+00
1.327941285119530690e+00
1.443999409706871795e+00
1.443999999999999950e+00
1.327793114653691653e+00
1.211734994660072395e+00
1.056990833902959004e+00
9.407821799741258317e-01
8.247234696873775306e-01
7.086647594006292294e-01
5.540723016806836654e-01
4.765491005190760632e-01
3.996280121297166588e-01
3.993263677473244400e-01
3.219554645097337797e-01
3.222559351964502383e-01
3.606397412844231098e-01
2.447339123242393555e-01
2.058973491098354813e-01
1.283747359444955549e-01
8.953757554638119842e-02
-2.591784827244314471e-02
-2.606954901275049252e-02
-1.032905177956982001e-01
-1.034410402466088286e-01
-1.419765585591914459e-01
-6.490670711400436943e-02
-1.422764366559192695e-01
-1.419765562623309663e-01
-1.422764320621983103e-01
-6.490670711400436943e-02
-1.037415132301857668e-01
-6.475558977624462642e-02
5.070041974198780110e-02
8.938645591176097582e-02
8.953757324952071883e-02
8.968810259101278604e-02
1.261825573954666879e-02
5.100265441750906348e-02
-1.031393981610779775e-01
-1.419765516686108953e-01
-1.809624728256915560e-01
-1.806625947289646206e-01
-2.193486331955973867e-01
-1.808131240704566878e-01
-1.806625947289646206e-01
-1.419765539654704867e-01
-6.475558977624462642e-02
-2.606954901275049252e-02
-2.621830977171768495e-02
1.231661365401492958e-02
-2.621830977171768495e-02
-2.621889776798624894e-02
1.216549631625518657e-02
-6.505547016983204145e-02
-1.034416351334588313e-01
-2.196491038823138453e-01
-2.583351423489466114e-01
-2.194991671308104131e-01
-1.035927501743580947e-01
-6.460506502847263022e-02
1.276760679164201662e-02
5.115318146214065109e-02
5.115377175526880649e-02
8.968810488787326562e-02
-2.621831206857816454e-02
1.216549861311566616e-02
-1.034398665509330684e-01
-1.035909792949727404e-01
-1.034410402466088286e-01
-1.035903912987050646e-01
-1.035903912987050646e-01
1.246537211612164242e-02
-2.636943170319927532e-02
-6.460447243848399523e-02
-6.475499948311558285e-02
-1.032905132019772410e-01
-1.034410402466088286e-01
-6.520658521073219305e-02
-6.490671170772532861e-02
-1.034416351334588313e-01
-1.035903912987050646e-01
-6.460447243848399523e-02
-2.606954901275049252e-02
-6.505547246669252104e-02
