1.084534853517141073e+00
1.444000000000002615e+00
1.443994600200106504e+00
1.085928171961612065e+00
1.591945084782508957e-02
-3.421361352727814165e-01
1.034098986060172365e-02
-7.016013030146908136e-01
1.033550502449287478e-02
-7.002189117243347027e-01
3.684019545220422742e-01
-3.421416201088902653e-01
7.264684040195916737e-01
1.592482938865913411e-02
7.278562588870087779e-01
7.278562588870087779e-01
1.173966558685179962e-02
-1.416330041447430688e+00
-1.063858358632053580e+00
-2.132473846337589407e+00
-1.778592581900902303e+00
-1.421924829388657940e+00
-1.421935692765607939e+00
-1.063874685586057467e+00
-7.057973939706130295e-01
1.032464164754287594e-02
-7.002189117243347027e-01
-3.435457168940914130e-01
-7.002189117243347027e-01
-1.058279897644830214e+00
-3.477254808960026367e-01
-3.477309232140086692e-01
-1.416340947342490608e+00
-7.057973727115580687e-01
-1.417734202009796718e+00
-3.477309444730636301e-01
-3.477254808960026367e-01
-1.056881285695745021e+00
1.033010522459676395e-02
-7.002080696064396648e-01
-3.435403170941953022e-01
-3.421415988498353045e-01
3.684074180990961622e-01
3.683965759812011243e-01
-3.421524622267853033e-01
1.172880220990180078e-02
-3.477308806958987475e-01
-7.057919091345041807e-01
-7.057919091345041807e-01
-3.463377110648124813e-01
1.033550502449287478e-02
3.683911124041472362e-01
-3.421416201088902653e-01
7.264575619016966357e-01
7.264738675966455617e-01
7.264738675966455617e-01
-3.421361565318363773e-01
-7.002026060293857768e-01
-1.058269055526935176e+00
-1.416346347142379614e+00
-1.774407396840040008e+00
-1.063863822209107468e+00
-1.774407418099094969e+00
-1.063858379891108541e+00
-7.057919303935591415e-01
1.172873843273691818e-02
3.683911124041472362e-01
7.264684252786466345e-01
1.592485064771409498e-02
1.453159598040798528e-02
-3.421524622267853033e-01
-1.056886664236579065e+00
-1.774412796639929013e+00
-1.421935650247498018e+00
-2.136669873516346740e+00
-2.138063149442707811e+00
-2.850000000000001421e+00
-1.779991278886207340e+00
-1.063858401150163502e+00
8.936808039180732521e-03
3.698006302482923502e-01
1.084534853517141073e+00
3.739804367683206010e-01
1.085922708384558177e+00
1.592485064771409498e-02
-6.988201934799747050e-01
-1.058279897644830214e+00
-7.058027725114470741e-01
-1.775811493625241155e+00
-1.421935671506552978e+00
-1.063863843468162429e+00
-7.071960696968631055e-01
-1.058274540363051130e+00
1.034096860154676278e-02
3.683965759812011243e-01
1.591398727077120157e-02
-3.421524622267853033e-01
-3.435456956350364521e-01
-7.002189117243347027e-01
-3.463376260285926378e-01
-3.477363230138976746e-01
-7.044040967851969981e-01
-7.058027725114470741e-01
-1.416340968601545569e+00
-1.062465125223802431e+00
-3.477309232140086692e-01
1.173420200979791161e-02
3.698006515073473111e-01
3.697952517074583056e-01
1.453159598040798528e-02
3.698006515073473111e-01
3.684074180990961622e-01
-3.435457168940914130e-01
-3.435457168940914130e-01
1.033012648365172481e-02
-1.058269055526935176e+00
-7.043932334082469993e-01
-7.044040967851969981e-01
-3.477254808960026367e-01
-7.002080696064396648e-01
3.684074180990961622e-01
3.697898093894522731e-01
