-6.340000000000000962e-05
-6.240826446280993054e-05
-6.141652892561983790e-05
-6.042479338842975882e-05
-5.943305785123967973e-05
-5.844132231404959387e-05
-5.744958677685951478e-05
-5.645785123966942892e-05
-5.546611570247934983e-05
-5.447438016528926397e-05
-5.348264462809918489e-05
-5.249090909090909903e-05
-5.149917355371901994e-05
-5.050743801652893408e-05
-4.951570247933884822e-05
-4.852396694214876913e-05
-4.753223140495869004e-05
-4.654049586776860418e-05
-4.554876033057851832e-05
-4.455702479338843924e-05
-4.356528925619836015e-05
-4.257355371900827429e-05
-4.158181818181818843e-05
-4.059008264462810934e-05
-3.959834710743802348e-05
-3.860661157024793762e-05
-3.761487603305785853e-05
-3.662314049586777945e-05
-3.563140495867769358e-05
-3.463966942148760772e-05
-3.364793388429752864e-05
-3.265619834710744955e-05
-3.166446280991736369e-05
-3.067272727272727783e-05
-2.968099173553719874e-05
-2.868925619834711288e-05
-2.769752066115703379e-05
-2.670578512396694793e-05
-2.571404958677686885e-05
-2.472231404958678298e-05
-2.373057851239670390e-05
-2.273884297520661804e-05
-2.174710743801653895e-05
-2.075537190082645309e-05
-1.976363636363637400e-05
-1.877190082644628814e-05
-1.778016528925620906e-05
-1.678842975206612319e-05
-1.579669421487603733e-05
-1.480495867768595825e-05
-1.381322314049587238e-05
-1.282148760330579330e-05
-1.182975206611570744e-05
-1.083801652892562835e-05
-9.846280991735542490e-06
-8.854545454545463404e-06
-7.862809917355377543e-06
-6.871074380165298457e-06
-5.879338842975212595e-06
-4.887603305785133509e-06
-3.895867768595047648e-06
-2.904132231404968562e-06
-1.912396694214889476e-06
-9.206611570247968382e-07
7.107438016528224746e-08
1.062809917355361333e-06
2.054545454545453971e-06
3.046280991735533057e-06
4.038016528925612142e-06
5.029752066115691228e-06
6.021487603305783866e-06
7.013223140495862952e-06
8.004958677685942037e-06
8.996694214876021123e-06
9.988429752066113761e-06
1.098016528925619285e-05
1.197190082644627193e-05
1.296363636363635102e-05
1.395537190082644366e-05
1.494710743801652274e-05
1.593884297520660183e-05
1.693057851239669447e-05
1.792231404958677355e-05
1.891404958677685264e-05
1.990578512396693172e-05
2.089752066115702436e-05
2.188925619834710345e-05
2.288099173553718253e-05
2.387272727272726162e-05
2.486446280991735426e-05
2.585619834710743334e-05
2.684793388429751243e-05
2.783966942148759151e-05
2.883140495867768415e-05
2.982314049586776324e-05
3.081487603305784232e-05
3.180661157024793496e-05
3.279834710743801405e-05
3.379008264462809313e-05
3.478181818181817222e-05
3.577355371900826485e-05
3.676528925619834394e-05
3.775702479338842303e-05
3.874876033057850211e-05
3.974049586776859475e-05
4.073223140495867384e-05
4.172396694214875292e-05
4.271570247933883201e-05
4.370743801652892464e-05
4.469917355371900373e-05
4.569090909090908282e-05
4.668264462809916190e-05
4.767438016528925454e-05
4.866611570247933363e-05
4.965785123966941271e-05
5.064958677685950535e-05
5.164132231404958443e-05
5.263305785123966352e-05
5.362479338842974261e-05
5.461652892561983524e-05
5.560826446280991433e-05
5.660000000000000697e-05
