-1.284951803688308303e+00
-8.990137973985454778e-01
-5.085055972927250423e-01
-5.085055972927250423e-01
-1.180032861338844441e-01
-8.929300514685465373e-01
-5.069801977303214358e-01
-1.283420538363756691e+00
-1.287996644311625971e+00
-1.675442290583518457e+00
-8.990197559000208116e-01
-8.974944027072808694e-01
-5.085174215563483813e-01
2.740006833207786485e-01
6.630013361837967523e-01
1.053497712025986743e+00
1.055023088403558518e+00
2.785887062715985962e-01
-5.008964054306659364e-01
-8.929122687034407591e-01
-1.673916891021121955e+00
-1.289522043874029578e+00
-1.680012507584407899e+00
-1.678493066523486732e+00
-1.289510219610399133e+00
-8.990138437682091421e-01
-1.195287088811127774e-01
-5.024336988111812730e-01
6.645207772447179195e-01
1.443999999999995509e+00
6.675715763695180271e-01
2.770692652106774290e-01
-8.914046287213182040e-01
-1.673928715284745294e+00
-2.456452801848179490e+00
-2.461023018849068933e+00
-2.850000000000001421e+00
-2.461023088403564429e+00
-2.459497712025992655e+00
-1.291041577674270968e+00
-5.100369553565968772e-01
-1.180032861338844441e-01
6.629953776823214184e-01
2.770633298940339273e-01
6.645208004295497517e-01
-1.119135817024101698e-01
2.724872007613257097e-01
-8.929300514685465373e-01
-1.283420515178924859e+00
-1.283432362627387135e+00
-1.180092214505279458e-01
-8.929182272049160929e-01
-8.929182272049160929e-01
-5.039531398721024402e-01
2.724872007613257097e-01
-1.119136048872420020e-01
6.629954472368098095e-01
-1.119194938342218393e-01
6.629895119201663078e-01
2.724931360779692113e-01
-1.283426404125911802e+00
-2.065938643240883721e+00
-1.680012507584407899e+00
-1.680012530769239731e+00
-1.289516178111874467e+00
-1.289510219610399133e+00
-1.289522043874029578e+00
-8.990197559000208116e-01
-5.085233800578237151e-01
-8.944436267673125940e-01
-8.944495157142995367e-01
-1.180032861338844441e-01
-1.180151103975077831e-01
-1.180151103975077831e-01
-8.929300514685465373e-01
2.724930897083126524e-01
2.724990482097879863e-01
-1.119136048872420020e-01
6.629895119201663078e-01
-1.119135817024101698e-01
2.740184892707091535e-01
2.724990250249561541e-01
-5.069920219939518802e-01
-1.673928715284745294e+00
-2.064436984945061226e+00
-1.289522067058861410e+00
-1.289510219610399133e+00
-1.678498955470466569e+00
-8.990079084515585350e-01
-5.085174215563483813e-01
-1.180032861338844441e-01
-1.164838218881314447e-01
-5.024159160460754947e-01
-5.024277403097059391e-01
-5.039353571070037674e-01
-1.180151103975077831e-01
-1.283426404125911802e+00
-1.195345746432678880e-01
-5.069920219939518802e-01
-8.929182272049160929e-01
-5.085055972927250423e-01
-5.085055741078932101e-01
-5.069979804954272140e-01
-1.673922826337765457e+00
-8.990079084515585350e-01
-1.678498955470466569e+00
-1.680024355032870176e+00
-2.069001266629307167e+00
-1.680018466085883233e+00
-1.289516178111874467e+00
-1.287996667496457803e+00
-5.085056204775497690e-01
-1.180032861338844441e-01
-1.164956693365866158e-01
-5.024159160460754947e-01
-5.039472045554589386e-01
-1.164897340199431142e-01
-1.180151103975077831e-01
-5.085055972927250423e-01
-8.990137973985454778e-01
-1.673922849522597289e+00
-5.100309968551215434e-01
