-1.684793548638765515e-01
-4.328587439231341705e-01
3.686681587168436636e-01
6.382848925992661293e-01
1.042846875866700884e-01
1.042846875866700884e-01
-1.642870042498500993e-01
1.000924167005905474e-01
-7.014263377431433355e-01
-4.370469486838857165e-01
-1.238573851323863551e+00
-9.731494361642916147e-01
-4.380960728007110561e-01
9.904732681791017512e-02
1.042765074992431096e-01
6.414240210799633246e-01
1.444000000000002615e+00
9.099916786823314396e-01
3.728523611346261646e-01
-4.339077564208366766e-01
-1.239622879767154018e+00
-1.779905439757655472e+00
-2.850000000000001421e+00
-2.316012041200149696e+00
-2.047432217112977071e+00
-1.242778416259469054e+00
-1.695325610516178472e-01
6.361866443656154502e-01
9.058115583354648948e-01
6.414199709002303962e-01
6.414240689167343135e-01
1.174375149812505015e+00
3.728523451890382034e-01
6.372398824445397736e-01
-1.642829221789341432e-01
3.697131688715700193e-01
3.686681587168436636e-01
3.686681587168436636e-01
-4.328546299610422921e-01
1.000964509347355147e-01
1.000964509347355147e-01
1.000964509347355147e-01
3.697131688715700193e-01
6.372357844280358563e-01
6.372398664989518124e-01
1.042765553360140984e-01
3.697172668880810420e-01
-1.642870042498500993e-01
3.686681587168436636e-01
3.686681587168436636e-01
1.000883186840795247e-01
1.000964509347355147e-01
1.000964509347355147e-01
-1.642870361410260216e-01
9.047624661098225829e-01
1.174371051796001098e+00
9.068566003813742782e-01
3.728482631181222473e-01
1.032396933775245884e-01
-4.328627622116911766e-01
-4.359978564582434046e-01
-9.700102757924113916e-01
-4.370510467003967392e-01
-9.700021435417554017e-01
-4.370469646294807831e-01
-1.684833890980286242e-01
3.676190505456062851e-01
1.042724573195101812e-01
6.372317342482958225e-01
3.697172668880810420e-01
1.042846875866700884e-01
6.382848766536781682e-01
3.686722567333475808e-01
-1.674261327305472946e-01
-7.045654662238405308e-01
-9.731494042731085869e-01
-1.241721112055216736e+00
-9.741944622646059315e-01
-9.731453540933756585e-01
-4.370510626459847003e-01
1.000923529182315974e-01
6.372357684824407897e-01
1.174379199992245049e+00
9.089425705111011666e-01
6.403830929961529250e-01
6.382889746701891909e-01
-1.642951365005060893e-01
-7.014263377431433355e-01
-7.024754459143807139e-01
-7.024795279852966701e-01
-1.684752568473726342e-01
-4.328587439231341705e-01
3.686559284496837563e-01
3.686600264661876736e-01
6.372398664989518124e-01
6.382767444030221782e-01
6.372317342482958225e-01
6.372317342482958225e-01
6.372317342482958225e-01
1.042765553360140984e-01
1.042846875866700884e-01
-1.642910544295901332e-01
1.000883186840795247e-01
-4.370428666129697604e-01
-7.056268046622378165e-01
-7.056186724115818265e-01
-9.731494042731085869e-01
-7.045818104530994219e-01
-7.045777124365955046e-01
-4.370469646294807831e-01
-7.024795439308917366e-01
-1.684752568473726342e-01
3.686559125040886897e-01
6.372357684824407897e-01
9.068524864192823998e-01
9.058115742810528559e-01
9.068566163269622393e-01
6.403790109252369689e-01
9.058034420304039713e-01
6.372317342482958225e-01
-4.318177520569648209e-01
1.000964509347355147e-01
