-6.340000000000000962e-05
-6.290617283950618636e-05
-6.241234567901234953e-05
-6.191851851851852627e-05
-6.142469135802470300e-05
-6.093086419753087295e-05
-6.043703703703704291e-05
-5.994320987654321964e-05
-5.944938271604938959e-05
-5.895555555555556632e-05
-5.846172839506173628e-05
-5.796790123456791301e-05
-5.747407407407408296e-05
-5.698024691358025292e-05
-5.648641975308642965e-05
-5.599259259259259960e-05
-5.549876543209877633e-05
-5.500493827160494629e-05
-5.451111111111112302e-05
-5.401728395061729298e-05
-5.352345679012346293e-05
-5.302962962962963966e-05
-5.253580246913580962e-05
-5.204197530864198635e-05
-5.154814814814815630e-05
-5.105432098765433303e-05
-5.056049382716050299e-05
-5.006666666666667294e-05
-4.957283950617284967e-05
-4.907901234567901963e-05
-4.858518518518519636e-05
-4.809135802469136631e-05
-4.759753086419754304e-05
-4.710370370370371300e-05
-4.660987654320988295e-05
-4.611604938271605969e-05
-4.562222222222222964e-05
-4.512839506172839959e-05
-4.463456790123457633e-05
-4.414074074074075306e-05
-4.364691358024692301e-05
-4.315308641975309297e-05
-4.265925925925926970e-05
-4.216543209876543965e-05
-4.167160493827160961e-05
-4.117777777777778634e-05
-4.068395061728396307e-05
-4.019012345679013302e-05
-3.969629629629630298e-05
-3.920246913580247971e-05
-3.870864197530864966e-05
-3.821481481481481962e-05
-3.772098765432099635e-05
-3.722716049382717308e-05
-3.673333333333334304e-05
-3.623950617283951299e-05
-3.574567901234568972e-05
-3.525185185185185968e-05
-3.475802469135802963e-05
-3.426419753086420636e-05
-3.377037037037038309e-05
-3.327654320987654627e-05
-3.278271604938272300e-05
-3.228888888888889973e-05
-3.179506172839506969e-05
-3.130123456790123964e-05
-3.080740740740741637e-05
-3.031358024691358633e-05
-2.981975308641976306e-05
-2.932592592592593301e-05
-2.883209876543210975e-05
-2.833827160493827970e-05
-2.784444444444444965e-05
-2.735061728395062639e-05
-2.685679012345679634e-05
-2.636296296296297307e-05
-2.586913580246914303e-05
-2.537530864197531298e-05
-2.488148148148148971e-05
-2.438765432098765967e-05
-2.389382716049383640e-05
-2.340000000000000635e-05
-2.290617283950618308e-05
-2.241234567901235304e-05
-2.191851851851852299e-05
-2.142469135802469972e-05
-2.093086419753086968e-05
-2.043703703703704641e-05
-1.994320987654321636e-05
-1.944938271604939310e-05
-1.895555555555556305e-05
-1.846172839506173301e-05
-1.796790123456790974e-05
-1.747407407407407969e-05
-1.698024691358025642e-05
-1.648641975308642638e-05
-1.599259259259259633e-05
-1.549876543209877306e-05
-1.500493827160494302e-05
-1.451111111111111975e-05
-1.401728395061728970e-05
-1.352345679012346643e-05
-1.302962962962963639e-05
-1.253580246913580634e-05
-1.204197530864198307e-05
-1.154814814814815303e-05
-1.105432098765432976e-05
-1.056049382716049972e-05
-1.006666666666667645e-05
-9.572839506172846401e-06
-9.079012345679016356e-06
-8.585185185185193087e-06
-8.091358024691363041e-06
-7.597530864197539772e-06
-7.103703703703709727e-06
-6.609876543209886458e-06
-6.116049382716056413e-06
-5.622222222222226368e-06
-5.128395061728403099e-06
-4.634567901234573053e-06
-4.140740740740749784e-06
-3.646913580246919739e-06
-3.153086419753089694e-06
-2.659259259259266425e-06
-2.165432098765436380e-06
-1.671604938271613111e-06
-1.177777777777789842e-06
-6.839506172839530202e-07
-1.901234567901297513e-07
3.037037037036935177e-07
7.975308641975303392e-07
1.291358024691353608e-06
1.785185185185176877e-06
2.279012345679000146e-06
2.772839506172836968e-06
3.266666666666660237e-06
3.760493827160483506e-06
4.254320987654320327e-06
4.748148148148143596e-06
5.241975308641966865e-06
5.735802469135790134e-06
6.229629629629626956e-06
6.723456790123450225e-06
7.217283950617273494e-06
7.711111111111110315e-06
8.204938271604933584e-06
8.698765432098756853e-06
9.192592592592580122e-06
9.686419753086416944e-06
1.018024691358024021e-05
1.067407407407406348e-05
1.116790123456790030e-05
1.166172839506172357e-05
1.215555555555554684e-05
1.264938271604938366e-05
1.314320987654320693e-05
1.363703703703703020e-05
1.413086419753085347e-05
1.462469135802469029e-05
1.511851851851851356e-05
1.561234567901233683e-05
1.610617283950617365e-05
1.659999999999999692e-05
1.709382716049382019e-05
1.758765432098764346e-05
1.808148148148148028e-05
1.857530864197530355e-05
1.906913580246912682e-05
1.956296296296296364e-05
2.005679012345678691e-05
2.055061728395061018e-05
2.104444444444443345e-05
2.153827160493827027e-05
2.203209876543209354e-05
2.252592592592591680e-05
2.301975308641975363e-05
2.351358024691357690e-05
2.400740740740740016e-05
2.450123456790122343e-05
2.499506172839506025e-05
2.548888888888888352e-05
2.598271604938270679e-05
2.647654320987654361e-05
2.697037037037036688e-05
2.746419753086419015e-05
2.795802469135801342e-05
2.845185185185185024e-05
2.894567901234567351e-05
2.943950617283949678e-05
2.993333333333333360e-05
3.042716049382715687e-05
3.092098765432098014e-05
3.141481481481481696e-05
3.190864197530864023e-05
3.240246913580246350e-05
3.289629629629628677e-05
3.339012345679012359e-05
3.388395061728394686e-05
3.437777777777777013e-05
3.487160493827160695e-05
3.536543209876543022e-05
3.585925925925925349e-05
3.635308641975307676e-05
3.684691358024691358e-05
3.734074074074073685e-05
3.783456790123456012e-05
3.832839506172839694e-05
3.882222222222222021e-05
3.931604938271604348e-05
3.980987654320986674e-05
4.030370370370370357e-05
4.079753086419752684e-05
4.129135802469135010e-05
4.178518518518518693e-05
4.227901234567901019e-05
4.277283950617283346e-05
4.326666666666665673e-05
4.376049382716049355e-05
4.425432098765431682e-05
4.474814814814814009e-05
4.524197530864197691e-05
4.573580246913580018e-05
4.622962962962962345e-05
4.672345679012344672e-05
4.721728395061728354e-05
4.771111111111110681e-05
4.820493827160493008e-05
4.869876543209876690e-05
4.919259259259259017e-05
4.968641975308641344e-05
5.018024691358023671e-05
5.067407407407407353e-05
5.116790123456789680e-05
5.166172839506172007e-05
5.215555555555555689e-05
5.264938271604938016e-05
5.314320987654320343e-05
5.363703703703704025e-05
5.413086419753086352e-05
5.462469135802468679e-05
5.511851851851851006e-05
5.561234567901234688e-05
5.610617283950617015e-05
5.660000000000000697e-05
