-2.266262300724974921e-02
-2.251961762291010416e-02
1.409143443029492460e-02
5.084381820558014908e-02
5.098627152140444707e-02
1.452101138018502269e-02
8.759732357460858765e-02
8.759732357460858765e-02
8.759732357460858765e-02
5.098794518366300821e-02
-2.208947987614795494e-02
-9.559481040567874288e-02
-5.941501114671243755e-02
-1.327767776771215935e-01
-1.695308351146662673e-01
-1.695302808640617442e-01
-1.693867168649392241e-01
-9.616739928617601407e-02
1.394786824908322842e-02
5.098738220470266924e-02
5.141584847129454516e-02
1.612462202853510718e-01
8.816935384032298373e-02
1.611032127189222507e-01
5.141640926816570811e-02
-2.208891907927590381e-02
-2.251905682603805303e-02
-5.927144714759080557e-02
-5.941556757940613664e-02
-2.266207093873351397e-02
-9.559425615507421981e-02
1.409087581551204948e-02
5.084382038766932510e-02
1.452101138018502269e-02
8.759676714191488855e-02
8.759732357460858765e-02
8.759621070922118946e-02
1.466402331079219579e-02
1.243502681467658633e-01
8.759621070922118946e-02
5.098794518366300821e-02
-5.884186365143317943e-02
-9.559536683837244198e-02
-5.941445471401962664e-02
-1.327767776771215935e-01
-1.327767776771215935e-01
-5.941445471401962664e-02
1.394786824908322842e-02
-2.208836919284973277e-02
5.141584847129454516e-02
1.612462181032618957e-01
1.611020998535348525e-01
5.141696788294858322e-02
-2.208947769405877892e-02
-1.322041887966252105e-01
-1.690995845025167199e-01
-9.616739928617601407e-02
-9.616851433365258828e-02
-9.602439390183636903e-02
5.070025202436845291e-02
1.243491465530226492e-01
1.978555964942074752e-01
2.346090996811476259e-01
2.347509943821890488e-01
1.249228570272622463e-01
5.141808511251344527e-02
-2.208892126136507983e-02
-9.559369317611388084e-02
-1.324913189769585387e-01
-1.692431506837284161e-01
-1.692442657312041021e-01
-9.616795790095888918e-02
-5.941445689610791447e-02
-5.927144932967998159e-02
1.409087363342287347e-02
5.098738438679095708e-02
1.243502681467658633e-01
1.611020998535348525e-01
1.611020998535348525e-01
5.141696788294858322e-02
-2.208891907927590381e-02
-5.898487121786200049e-02
-5.941445253193045062e-02
-1.327767754950333057e-01
-9.616795790095888918e-02
-9.616739928617601407e-02
-5.941501551089078959e-02
-5.927144932967998159e-02
-2.251850257543352996e-02
5.084381820558014908e-02
1.451989851479762450e-02
1.452045712958049961e-02
1.452045931166967563e-02
1.452101356227419870e-02
-2.208947987614795494e-02
8.759620852713201344e-02
8.759732357460858765e-02
8.759732575669776367e-02
8.759621070922118946e-02
5.098794518366300821e-02
5.084326613706480202e-02
-2.223248526048759999e-02
1.409088017969040152e-02
1.409087581551204948e-02
-9.559481040567874288e-02
-9.559425615507421981e-02
1.409087581551204948e-02
5.084270534019275090e-02
5.084326613706480202e-02
8.759620852713201344e-02
8.759732357460858765e-02
5.098683231827561002e-02
5.084326613706480202e-02
-9.559481040567874288e-02
-5.927088853280793046e-02
-9.573837658689043906e-02
-2.266151014186235102e-02
1.409087363342287347e-02
1.423443981463456964e-02
1.409032156490752641e-02
-5.884131158291783237e-02
1.409032156490752641e-02
1.437689094836969161e-02
-2.237493857631100980e-02
-2.237437341526149481e-02
1.437801036002372967e-02
5.141584847129454516e-02
8.816935165823380771e-02
1.981410530122822422e-01
1.615322310540303619e-01
1.247787278670910993e-01
5.098794736575218423e-02
-5.927144496550162955e-02
-1.327767754950333057e-01
-1.326348895223476987e-01
-1.692442679132932781e-01
-1.324918819559188776e-01
-9.573893520167242599e-02
1.451933553583728553e-02
5.141584847129454516e-02
1.247792886639622623e-01
1.613892278517798928e-01
1.244938365100658473e-01
8.774088975581939565e-02
-5.912675937263589532e-02
-9.602326576182651507e-02
-3.162543638113062272e-01
-7.572868946928315026e-01
-1.418839331830607176e+00
-2.153754659274623506e+00
-2.741945901589306622e+00
-2.926000000000000156e+00
-2.815458513749812042e+00
-2.374424861274543552e+00
-1.749482919757279209e+00
-1.051177538047346705e+00
-3.530140357638327231e-01
2.719290295292635662e-01
7.863283697488645529e-01
1.117107111903673733e+00
1.374378282523554873e+00
1.557855877386095322e+00
1.558000000000000718e+00
1.484352785679872611e+00
1.410846896535558948e+00
1.263978125813359554e+00
1.153576288894638147e+00
9.700986962141868730e-01
9.330591822585683204e-01
8.229433495622586747e-01
7.126839572310057491e-01
6.390350605202632650e-01
5.653861659916090687e-01
5.286326606225806302e-01
4.555552290165030271e-01
3.454405222781149476e-01
3.085440158889252160e-01
2.348956777929647188e-01
1.250664210263847664e-01
1.244938408742433111e-01
5.098794736575218423e-02
-5.912732016950794645e-02
-5.898598844742686254e-02
-1.323483157747071814e-01
-1.323483135926188936e-01
-1.323483135926188936e-01
-9.588138197123008410e-02
-5.898599062951603855e-02
1.437633015149764049e-02
-5.884242881248269441e-02
1.409143879447238845e-02
-5.884242881248269441e-02
-2.223248744257677600e-02
5.112927690574409212e-02
8.788221493163383968e-02
5.127283872277654808e-02
1.437857115689489262e-02
-2.223136584883356193e-02
-5.912731580532959441e-02
-2.251849821125606610e-02
-9.559537338463997003e-02
-5.898599062951603855e-02
-9.588082553853638501e-02
-9.588082335644720899e-02
-9.588082335644720899e-02
-5.898599062951603855e-02
-2.251793959647319099e-02
1.451989851479762450e-02
1.437857115689489262e-02
8.788222147790047956e-02
-2.194591805911461080e-02
1.451989851479762450e-02
-2.251794396065065484e-02
-5.912900037803314746e-02
-1.691007017320815820e-01
-1.691012603468644571e-01
-1.691012581647752810e-01
-9.573893520167242599e-02
5.112871392678286497e-02
5.098794300157383219e-02
8.774089411999774768e-02
1.244932778952829722e-01
1.246351638679685792e-01
1.437856897480571661e-02
5.084438554871884008e-02
-2.223304823944793895e-02
-9.559537338463997003e-02
-9.559537120255079401e-02
-9.559536902046161799e-02
-2.223304605735876294e-02
1.466346251392014466e-02
1.243502725109433271e-01
8.816935165823380771e-02
8.788446030120855568e-02
1.244938386921550233e-01
5.113151354696299222e-02
1.423500715777326064e-02
-5.912899819594485962e-02
-1.692442679132932781e-01
-2.428926016450754233e-01
-2.796455440351426347e-01
-2.427501570576069412e-01
-2.059972124854496656e-01
-9.573949599854447712e-02
